keyboard
-4.498729228973389,4.989016532897949,1.1158465147018433
-0.21642081439495087
keyboard
-7.688785552978516,10.230583190917969,-1.3785717487335205
0.0872664600610733
keyboard
-7.688785552978516,10.34354019165039,-1.2860147953033447
0.0
keyboard
-7.686229705810547,10.456128120422363,-1.4288086891174316
0.03490658476948738
book
-6.713534832000732,4.882500171661377,6.968486309051514
0.0
book
-7.710601329803467,10.656599998474121,1.3548023700714111
1.7627825736999512
book
-6.713534832000732,0.1574999988079071,6.968486309051514
0.0
book
-6.713534832000732,0.4724999964237213,6.968486309051514
0.0
book
-6.713534832000732,0.7875000238418579,6.968486309051514
0.0
book
-6.713534832000732,1.1024999618530273,6.968486309051514
0.0
book
-6.713534832000732,1.4175000190734863,6.968486309051514
0.0
book
-6.713534832000732,1.7324999570846558,6.968486309051514
0.0
book
-6.713534832000732,2.047499895095825,6.968486309051514
0.0
book
-6.713534832000732,2.362499952316284,6.968486309051514
0.0
book
-6.713534832000732,2.677500009536743,6.968486309051514
0.0
book
-6.713534832000732,2.992500066757202,6.968486309051514
0.0
book
-6.713534832000732,3.307499885559082,6.968486309051514
0.0
book
-6.713534832000732,3.622499942779541,6.968486309051514
0.0
book
-6.713534832000732,3.9375,6.968486309051514
0.0
book
-6.713534832000732,4.252500057220459,6.968486309051514
0.0
book
-6.713534832000732,4.567500114440918,6.968486309051514
0.0
book
-4.910069942474365,4.567500114440918,6.968486309051514
0.0
book
-4.910069942474365,4.252500057220459,6.968486309051514
0.0
book
-4.910069942474365,3.9375,6.968486309051514
0.0
book
-4.910069942474365,3.622499942779541,6.968486309051514
0.0
book
-4.910069942474365,3.307499885559082,6.968486309051514
0.0
book
-4.910069942474365,2.992500066757202,6.968486309051514
0.0
book
-4.910069942474365,2.677500009536743,6.968486309051514
0.0
book
-4.910069942474365,2.362499952316284,6.968486309051514
0.0
book
-4.910069942474365,2.047499895095825,6.968486309051514
0.0
book
-4.910069942474365,1.7324999570846558,6.968486309051514
0.0
book
-4.910069942474365,1.4175000190734863,6.968486309051514
0.0
book
-4.910069942474365,1.1024999618530273,6.968486309051514
0.0
book
-4.910069942474365,0.7875000238418579,6.968486309051514
0.0
book
-4.910069942474365,0.4724999964237213,6.968486309051514
0.0
book
-4.910069942474365,0.1574999988079071,6.968486309051514
0.0
book
-4.910069942474365,4.882500171661377,6.968486309051514
0.0
book
-6.396303176879883,5.412499904632568,4.612520217895508
1.5707963705062866
book
-7.710601329803467,10.341620445251465,1.3548023700714111
1.5707963705062866
book
-6.396303176879883,5.097499847412109,4.612520217895508
0.7853981852531433
book
0.0970611572265625,9.447283744812012,-6.731014251708984
1.5707963705062866
book
1.6119985580444336,9.447283744812012,-6.731014251708984
1.5707963705062866
book
0.7997246980667114,9.763509750366211,-6.731014251708984
1.5707963705062866
book
-2.54178524017334,6.710846424102783,-6.731014251708984
1.5707963705062866
monitor
-6.453488826751709,6.05035924911499,0.9677766561508179
0.0
monitor
-5.863550186157227,6.050360202789307,-2.0199506282806396
-0.5480333566665649
monitor
-0.15752017498016357,13.088412284851074,-6.436033248901367
-1.0716320276260376
monitor
6.413731098175049,1.1012789011001587,-6.436033248901367
-0.9145524501800537
mug
-5.0506181716918945,5.347369194030762,4.93760871887207
0.0
mug
-1.4064195156097412,4.190208435058594,-6.253237724304199
0.0
mug
-0.1502981185913086,4.190208435058594,-6.253237724304199
0.0
wall
0.0,-2.5,-0.0
8.5,2.5,8.5
wall
-11.5,6.219910144805908,-0.0
3.000000476837158,8.5,8.5
wall
11.5,6.219910144805908,-0.0
3.000000476837158,8.5,8.5
wall
0.0,6.219910144805908,11.5
14.5,8.5,3.0
wall
0.0,6.219910144805908,-11.5
14.5,8.5,3.0
wall
0.0,17.71990966796875,-0.0
14.5,3.0,14.5
chair
2.3955399990081787,2.6558642387390137,2.5763397216796875
-0.21118482947349548
bookShelf
-7.686999797821045,10.125300407409668,-0.5663300156593323
0.0
desk
-5.634500026702881,2.4700000286102295,1.023097276687622
0.0
shelf
-0.0949455127120018,0.03600550815463066,-6.860000133514404
0.0
moonLamp
-2.488342523574829,7.365849018096924,-6.594588756561279
0.0
mouse
-6.960915565490723,4.664601802825928,1.2457067966461182
0.0
plant
-0.0966927707195282,7.384300231933594,-7.162273406982422
0.0
plant
1.6765563488006592,7.382500648498535,-7.101199150085449
0.0
room
0.0,6.219910144805908,-0.0
0.0
